1
1
1
1
1
12
12
12
12
12
12
12
12
12
12
13
13
13
13
13
13
13
13
13
13
13
13
13
13
13
14
14
14
14
14
14
14
14
16
16
16
16
16
16
16
16
16
21
21
21
21
21
21
21
21
21
21
21
21
21
21
21
23
23
23
23
23
23
23
25
25
25
25
25
25
25
25
25
25
25
25
25
25
25
25
25
25
25
25
25
25
25
25
25
25
25
25
26
26
27
27
27
27
27
27
27
27
27
27
27
27
27
27
27
27
36
36
36
36
36
36
36
36
36
36
36
36
36
36
36
37
37
37
37
39
39
39
39
39
40
40
40
40
40
40
40
40
40
40
40
41
41
41
41
41
41
41
41
41
41
41
41
41
41
41
41
41
41
41
41
41
41
41
57
57
57
57
57
57
57
57
57
57
57
57
57
57
57
57
57
57
57
57
57
57
57
57
59
59
59
59
59
59
59
59
59
59
59
66
66
66
66
66
66
66
66
66
66
66
66
66
66
66
66
66
66
66
66
68
68
68
72
72
74
74
74
74
74
74
74
74
74
74
77
77
77
77
77
77
77
77
79
79
79
79
79
79
79
79
79
79
79
79
79
79
79
79
79
79
79
79
79
79
79
80
80
80
80
80
80
81
81
81
81
81
81
81
82
82
82
82
82
82
82
82
82
82
85
85
85
85
85
85
86
86
86
86
86
86
86
86
86
86
86
88
88
88
88
88
88
88
92
92
94
94
94
95
95
99
99
99
99
99
100
100
100
100
101
101
101
101
101
101
101
102
102
102
102
102
102
102
102
102
102
102
103
103
103
103
103
103
103
103
103
103
103
103
103
105
105
105
105
105
105
105
105
105
105
107
107
107
107
107
107
107
107
107
107
113
113
113
113
116
116
116
116
117
117
117
123
123
123
123
129
129
129
129
129
129
129
129
129
129
129
129
129
131
131
131
131
131
131
131
131
131
131
131
131
131
131
131
131
131
131
131
131
131
132
132
132
132
132
132
135
135
135
135
135
135
135
135
135
135
135
136
136
136
137
137
137
137
137
137
137
137
137
137
137
138
138
138
138
140
140
140
141
141
141
141
141
141
141
141
141
141
141
141
141
141
141
141
145
145
145
145
145
148
148
148
148
148
148
148
148
148
148
148
148
148
148
148
148
148
148
148
148
148
149
149
149
149
149
149
149
149
149
149
149
149
149
149
149
149
149
151
151
151
151
151
151
154
154
154
154
154
156
156
156
156
156
156
156
156
156
156
156
156
156
156
156
156
156
156
156
156
156
158
158
158
158
158
158
158
158
158
158
158
159
159
159
159
159
159
159
159
159
159
159
159
159
159
159
159
159
159
159
159
159
159
161
161
161
161
161
161
161
161
161
163
163
163
163
163
163
163
163
163
163
163
163
163
163
163
163
163
163
163
163
163
163
163
170
170
170
170
170
170
170
170
170
170
170
170
170
170
170
170
170
170
170
170
171
171
171
171
171
171
171
173
173
173
173
173
173
173
173
173
173
173
173
173
173
174
174
174
174
174
174
174
174
174
174
174
174
174
174
174
174
174
175
175
175
175
175
175
175
175
175
175
175
175
175
183
183
183
183
183
183
183
183
183
183
188
188
188
188
188
188
188
191
191
191
191
191
191
191
191
191
191
191
191
195
195
195
195
195
195
195
195
198
198
198
198
198
198
198
198
198
198
198
198
198
198
198
208
208
208
208
208
208
208
208
208
208
208
208
208
208
208
209
209
209
212
212
212
212
212
215
215
215
215
215
218
218
218
218
218
219
219
219
219
219
219
219
219
219
221
221
221
221
221
221
221
221
221
221
221
221
221
221
221
221
221
221
221
221
224
224
224
224
224
224
224
224
224
224
224
224
224
224
224
224
229
230
230
230
230
230
230
230
230
230
230
230
231
231
231
233
233
233
233
233
233
233
233
233
233
233
234
234
234
234
234
234
234
234
234
234
234
234
235
235
235
235
235
235
235
235
235
235
235
235
235
235
235
235
235
235
236
236
236
236
236
236
236
236
236
238
238
240
240
240
240
240
240
240
240
240
240
240
240
241
241
241
241
241
241
241
241
241
241
241
241
241
241
242
242
242
242
242
244
244
245
245
245
248
248
248
248
248
248
248
248
248
248
248
248
248
248
248
248
248
248
248
248
248
250
250
250
250
250
252
252
252
252
252
252
252
252
252
252
252
252
252
252
252
252
252
252
252
256
256
256
256
256
256
256
256
256
256
256
257
257
257
257
257
258
258
258
258
258
258
258
258
258
258
258
258
258
258
258
258
261
261
261
261
261
261
261
263
263
263
263
263
263
263
263
264
264
264
264
264
264
265
265
265
265
267
267
274
274
274
274
278
278
282
282
282
282
282
282
282
282
282
282
282
282
285
285
285
285
285
285
285
285
285
285
285
285
285
288
288
288
288
288
291
291
291
291
291
291
291
291
291
291
291
291
291
291
291
291
291
291
291
292
292
292
292
292
292
292
295
295
295
295
295
295
295
295
295
295
295
301
301
301
301
301
301
301
301
301
301
301
301
301
301
301
301
301
301
301
301
301
301
302
302
302
302
302
302
302
302
302
302
302
302
302
302
302
302
302
302
302
305
305
305
305
305
305
305
307
307
307
307
307
307
307
307
307
307
307
308
308
308
308
308
310
310
310
310
310
310
310
310
310
310
310
310
310
310
310
310
310
310
310
310
310
310
310
310
310
310
310
310
310
311
311
311
311
311
311
311
313
313
313
313
319
319
319
319
319
319
319
319
319
319
319
319
319
319
319
319
319
323
323
323
323
323
324
324
324
324
324
324
324
324
324
324
324
324
324
324
327
327
327
327
327
327
327
327
327
327
327
327
327
327
327
327
327
330
330
330
330
330
330
330
334
334
334
334
334
334
334
334
334
334
336
336
336
336
336
336
336
336
336
336
339
339
339
339
341
341
341
341
341
341
341
341
341
341
341
341
341
341
341
342
342
342
342
342
342
342
342
342
342
342
342
342
342
342
342
342
342
342
342
342
342
342
345
345
345
345
345
345
351
351
351
352
352
352
352
355
355
355
355
355
355
355
355
355
356
356
356
356
356
356
356
356
356
356
356
356
356
356
356
356
356
356
356
356
358
358
359
359
359
359
359
359
359
360
360
362
362
362
362
362
362
362
362
362
362
362
362
362
362
362
362
362
367
367
367
367
367
367
367
367
367
370
370
370
370
370
370
370
370
370
370
370
370
370
370
370
370
371
371
371
371
371
371
371
371
371
371
371
373
373
373
373
373
373
373
373
373
373
373
373
373
373
383
383
383
383
383
383
383
383
383
383
385
385
385
385
385
385
385
386
386
386
386
386
386
386
386
387
387
387
387
387
387
387
387
387
387
387
387
387
387
387
387
387
387
387
387
387
387
387
387
387
387
387
387
387
387
389
389
389
389
389
389
389
389
389
389
389
389
389
390
390
391
391
391
391
391
391
391
391
391
391
391
391
391
391
392
392
392
392
392
392
392
392
392
392
392
392
392
393
393
393
397
397
397
397
397
397
397
397
397
397
397
397
398
398
398
398
398
398
398
398
398
399
399
401
401
401
401
401
401
403
403
403
403
403
403
406
406
406
406
410
410
410
417
417
417
417
417
417
417
417
417
417
417
417
417
421
421
421
421
421
421
421
424
424
424
424
424
424
424
424
428
428
428
429
429
429
429
429
429
429
429
431
431
431
431
431
431
431
431
431
431
431
431
431
431
431
431
432
432
432
433
433
433
433
433
433
433
433
434
434
434
437
437
437
437
438
438
438
442
442
442
442
442
442
442
442
442
442
442
442
442
442
442
444
444
444
444
444
444
447
447
447
447
447
447
447
452
452
452
452
452
452
452
452
452
452
454
454
454
454
454
454
454
454
454
454
454
454
454
454
454
454
454
458
458
458
465
465
465
465
465
465
465
465
465
465
465
465
465
465
465
465
465
465
467
467
467
467
467
467
467
467
467
467
467
467
467
467
467
467
478
478
478
478
478
478
478
478
478
478
478
478
478
479
479
479
479
479
479
479
479
479
479
481
481
481
481
481
481
481
481
481
481
481
481
483
483
483
483
489
489
489
489
489
490
490
490
490
490
492
493
493
493
493
493
493
493
493
493
493
493
493
493
495
495
495
495
497
497
497
497
497
497
498
498
498
498
498
498
498
498
498
499
499
499
499
503
503
503
503
503
503
503
503
503
503
503
509
509
509
509
509
509
509
509
509
509
509
509
509
509
509
510
510
510
510
510
511
511
511
511
518
518
518
518
518
518
520
520
520
520
520
520
520
520
520
520
520
520
520
520
520
520
520
520
521
521
521
521
521
523
523
523
523
523
523
523
523
524
524
524
524
524
524
524
525
525
526
526
526
526
527
527
527
527
527
527
527
527
527
527
527
527
527
529
529
529
529
529
529
529
529
529
529
529
529
529
529
530
530
530
534
534
535
535
535
535
535
535
535
535
535
535
535
535
535
535
535
535
535
535
535
535
535
535
535
536
536
536
537
537
537
537
537
539
539
539
539
539
539
539
539
539
539
540
540
540
540
540
540
541
541
541
541
541
541
541
541
541
541
541
541
541
541
542
542
542
542
542
542
542
542
542
542
542
542
542
542
542
542
542
542
542
542
543
543
543
543
543
543
543
543
543
543
543
543
543
543
543
543
543
543
543
543
547
547
547
547
547
547
547
548
548
548
548
548
548
548
548
548
548
548
548
548
548
548
548
548
548
548
548
548
549
549
549
549
549
549
549
549
549
549
549
549
549
549
550
550
550
550
550
551
551
551
551
551
551
551
551
551
551
551
551
551
551
551
551
551
551
555
555
555
555
555
555
555
555
556
556
557
557
557
557
557
557
564
564
564
564
567
567
567
567
567
567
567
567
567
567
567
567
567
567
567
567
567
567
567
569
569
569
569
569
569
569
569
569
569
569
569
569
569
569
569
573
573
573
573
573
573
573
574
574
574
575
575
575
575
575
575
575
576
576
576
576
576
576
576
576
576
576
576
576
576
576
576
576
576
576
576
576
579
579
579
579
588
588
588
588
588
588
588
588
588
588
588
588
588
588
588
588
588
588
590
590
590
590
590
592
592
592
592
592
594
594
594
594
594
594
600
600
600
600
600
602
602
602
602
604
604
604
604
604
604
604
604
604
604
604
604
604
604
606
606
606
606
606
606
606
606
606
606
606
606
606
606
606
606
606
606
606
606
608
608
608
608
608
608
608
608
608
608
608
608
608
608
608
608
608
608
608
608
608
608
608
610
610
610
610
610
612
612
612
612
612
612
614
614
614
614
614
614
614
614
614
614
614
614
614
614
614
614
614
614
614
614
614
614
616
616
616
616
616
623
623
623
623
623
623
623
623
623
623
623
623
623
623
623
623
623
623
623
623
623
623
623
626
626
626
626
628
628
628
628
628
628
628
628
629
629
629
629
629
629
631
631
631
631
631
631
631
631
631
631
631
634
634
634
634
634
634
634
634
636
636
636
636
636
636
636
636
636
636
636
636
639
639
639
639
639
639
639
639
639
639
639
639
639
639
639
639
639
639
639
639
640
640
640
640
640
640
640
640
640
640
640
640
640
640
640
640
647
647
647
647
648
648
648
648
653
653
653
653
653
653
653
653
653
653
653
653
653
653
653
653
653
653
653
653
653
653
655
655
655
655
655
655
655
655
655
655
655
655
655
655
655
655
655
655
655
655
655
655
655
656
656
656
656
658
658
658
658
658
658
658
658
658
658
658
658
658
658
658
658
658
663
663
663
663
663
663
669
669
669
669
669
669
669
669
669
669
669
669
669
671
671
671
671
671
672
672
672
672
672
672
673
673
673
673
673
673
673
673
673
673
673
673
673
674
674
674
674
674
674
674
674
675
675
675
675
675
675
675
675
675
675
675
675
675
675
675
675
675
675
675
675
675
675
675
677
677
677
677
677
677
677
677
677
677
678
678
678
678
678
678
678
678
678
678
681
681
681
681
681
681
682
682
682
682
682
682
682
685
685
685
685
685
688
688
688
688
688
688
688
688
695
695
696
696
696
696
696
696
696
696
696
696
696
696
696
696
696
697
697
697
697
697
697
697
697
697
697
697
697
697
697
697
697
697
697
698
698
698
698
698
698
698
698
698
698
698
699
699
699
699
699
699
699
699
699
699
700
703
703
703
703
703
703
703
703
703
703
703
703
703
703
703
703
704
704
704
707
707
707
707
707
707
707
707
707
707
707
707
707
707
707
707
707
707
707
707
707
707
707
707
707
707
707
707
707
708
708
708
708
708
708
710
710
710
710
710
710
713
713
713
713
713
713
713
713
713
713
713
713
713
713
713
713
713
713
714
714
714
714
714
714
714
714
718
718
718
718
721
721
721
721
721
721
721
722
722
722
722
722
723
723
723
723
723
723
723
723
723
723
723
723
723
723
723
723
723
723
723
723
723
723
723
723
723
723
723
723
723
724
724
724
724
726
726
726
726
726
732
732
732
732
732
732
732
732
732
732
732
732
732
732
732
732
732
732
732
732
732
733
733
733
733
733
733
733
733
733
733
733
737
737
737
737
737
737
737
737
737
737
737
737
739
739
739
739
739
742
742
742
742
742
743
744
744
744
744
744
744
744
744
744
744
744
744
744
744
744
744
744
744
744
745
745
745
745
745
745
745
745
745
750
750
750
750
750
750
750
751
751
751
751
751
751
751
751
751
751
751
751
751
751
751
751
751
751
751
751
751
751
751
751
751
751
751
751
753
753
753
753
753
753
753
755
755
755
755
755
755
755
755
755
755
755
755
755
755
755
755
755
755
755
755
755
755
755
755
755
755
755
755
755
755
756
756
756
756
756
756
756
756
756
756
756
756
756
756
756
756
758
758
758
758
758
758
758
758
758
758
758
758
758
759
759
759
759
759
760
760
760
760
760
760
760
760
760
760
760
760
760
760
760
760
760
760
760
760
760
760
760
760
760
760
760
760
765
765
765
765
765
765
765
765
765
765
765
765
765
765
765
765
765
765
765
765
765
765
765
765
766
766
766
766
766
766
766
766
766
766
766
766
766
766
766
766
766
766
766
766
766
766
766
766
766
766
766
767
767
767
767
767
767
767
768
768
768
768
768
768
769
769
769
769
771
771
771
771
772
772
772
772
772
772
772
772
772
772
772
772
772
772
772
772
772
772
772
772
773
773
773
773
773
773
773
773
773
773
773
777
777
777
777
777
777
777
777
777
777
777
777
777
777
778
778
778
778
778
778
778
780
780
780
780
780
780
780
780
780
780
780
780
780
780
780
780
780
780
780
780
780
781
781
781
781
781
781
781
781
781
781
781
781
781
781
784
784
784
784
784
785
785
785
785
785
785
785
789
789
789
789
789
789
789
789
791
791
791
791
791
791
793
793
793
793
793
793
793
793
793
793
793
793
793
793
797
797
797
797
797
797
797
799
799
799
799
799
799
799
799
800
800
800
800
800
800
800
800
800
800
800
800
800
800
800
805
805
805
805
805
806
806
806
806
806
806
806
806
806
806
806
806
806
806
806
806
806
806
807
807
807
807
807
807
807
808
808
808
808
808
808
808
808
808
811
811
811
813
813
813
813
813
813
813
813
813
813
813
813
813
813
813
813
814
814
814
814
814
814
814
814
814
814
814
815
815
815
815
815
819
819
819
819
819
819
819
819
819
819
819
819
819
826
826
826
826
826
826
826
826
826
826
826
826
826
826
826
826
828
828
828
828
828
828
828
828
828
829
829
830
830
830
830
830
830
830
830
830
830
830
830
830
830
830
830
830
830
830
830
830
830
830
831
831
831
831
831
831
831
831
831
831
831
831
831
831
833
833
833
833
833
833
833
833
833
833
833
833
834
834
834
834
834
834
834
834
834
834
834
834
835
835
835
835
835
835
835
835
835
835
835
835
835
835
835
835
835
838
838
838
838
841
841
841
841
841
843
843
843
843
843
843
843
843
843
843
843
843
843
844
844
844
844
844
844
844
844
844
844
844
844
844
844
844
844
845
845
845
845
846
846
846
846
846
846
846
846
846
846
846
846
846
846
846
846
846
849
849
849
849
849
849
849
849
849
849
849
849
849
849
850
850
850
850
850
850
850
850
850
850
850
850
850
850
851
851
851
851
851
851
851
853
853
853
853
853
853
853
853
853
853
853
853
853
853
853
853
853
853
853
853
853
853
853
853
854
854
854
854
854
854
854
855
855
855
855
855
855
855
855
855
855
855
855
855
855
855
855
855
858
858
858
858
858
858
858
858
858
858
858
858
858
860
860
860
860
860
860
862
862
862
862
862
862
862
862
862
862
862
862
862
862
865
865
865
865
865
865
865
865
865
865
865
865
866
866
866
866
866
866
866
866
866
866
866
866
866
866
866
866
866
866
866
866
866
866
866
866
866
866
866
866
866
867
867
867
867
867
870
870
870
870
870
870
870
870
875
875
876
876
876
876
876
876
876
876
877
877
877
877
877
877
877
877
877
878
878
878
878
879
879
879
879
879
879
879
879
879
879
879
879
879
879
879
879
883
883
883
883
883
883
883
883
887
887
887
887
887
887
888
888
888
888
888
888
888
888
888
888
888
888
888
888
888
888
888
888
888
891
891
891
899
899
899
901
901
901
901
901
901
901
901
901
901
901
901
901
901
901
901
905
905
908
908
908
908
908
908
908
908
908
908
908
908
908
908
909
909
909
909
909
909
909
909
909
909
909
909
909
909
913
913
913
917
917
917
917
917
917
917
917
917
918
919
919
919
919
919
919
919
919
919
919
919
919
919
919
919
919
919
920
920
920
921
921
921
921
921
921
921
921
921
921
921
921
921
922
922
922
922
922
922
922
922
922
922
922
924
924
924
924
924
924
924
924
927
927
927
927
927
927
927
927
927
927
927
927
927
927
927
927
927
927
927
927
927
927
927
927
927
927
927
927
927
928
928
928
928
928
928
928
928
928
928
928
928
928
928
928
928
928
931
931
931
931
931
931
931
931
931
931
931
931
931
931
931
932
932
932
932
932
932
932
932
932
932
932
934
934
934
934
934
934
934
934
934
938
938
938
938
938
938
938
938
938
938
938
939
939
939
939
939
939
940
940
940
940
940
940
940
940
940
940
940
940
940
940
941
941
941
941
941
941
941
941
941
941
941
941
941
941
943
944
944
944
944
944
944
945
945
945
945
945
947
947
947
947
947
947
947
947
947
947
947
947
947
947
947
947
948
948
948
949
949
949
949
949
950
950
950
950
950
950
950
950
950
950
950
955
955
955
955
955
955
955
955
955
957
957
957
957
957
957
957
957
957
957
957
957
958
958
958
958
958
958
958
958
958
958
958
958
958
958
959
959
959
959
959
959
959
959
959
959
959
959
959
959
959
959
959
959
959
959
964
964
964
964
964
964
964
964
964
964
964
964
964
964
964
972
972
972
972
972
972
972
972
972
972
972
972
972
972
974
974
974
974
980
980
980
980
980
980
980
980
980
980
980
980
980
980
980
980
980
980
980
980
980
983
983
983
983
983
983
983
983
983
983
983
983
983
983
983
983
983
983
983
983
983
984
984
984
984
984
984
984
984
984
984
986
986
986
986
986
986
986
988
988
991
991
991
991
993
993
993
993
999
999
999
999
999
999
999
1000
1000
1000
1000
1000
1000
1000
1000
1000
1000
1000
1002
1002
1002
1002
1002
1002
1002
1002
1002
1002
1002
1002
1002
1003
1003
1003
1003
1003
1003
1003
1003
1004
1004
1004
1004
1004
1004
1004
1004
1004
1004
1004
1007
1007
1007
1012
1012
1012
1012
1012
1012
1012
1012
1012
1012
1012
1012
1012
1012
1012
1015
1015
1015
1015
1015
1015
1015
1018
1018
1018
1018
1018
1018
1018
1018
1018
1018
1021
1021
1021
1021
1021
1021
1021
1021
1021
1021
1021
1021
1021
1021
1021
1021
1025
1025
1025
1025
1026
1026
1026
1026
1026
1026
1026
1026
1026
1026
1026
1026
1026
1026
1026
1026
1026
1026
1026
1026
1026
1026
1026
1026
1026
1026
1026
1028
1028
1028
1029
1029
1029
1029
1029
1029
1029
1029
1029
1029
1029
1029
1029
1029
1029
1029
1029
1030
1030
1030
1030
1030
1030
1030
1030
1030
1030
1030
1030
1030
1030
1030
1030
1030
1030
1030
1030
1030
1030
1030
1030
1030
1030
1030
1030
1030
1032
1032
1032
1032
1032
1032
1032
1034
1034
1034
1034
1034
1034
1034
1034
1034
1034
1034
1035
1035
1035
1035
1035
1035
1037
1037
1037
1038
1038
1038
1038
1038
1038
1038
1038
1038
1045
1045
1045
1045
1045
1045
1047
1047
1047
1047
1047
1048
1048
1048
1048
1051
1051
1051
1053
1053
1053
1053
1053
1053
1053
1053
1053
1053
1053
1053
1054
1054
1054
1054
1054
1054
1054
1054
1054
1054
1054
1056
1056
1056
1056
1056
1056
1056
1056
1056
1056
1056
1056
1058
1058
1058
1058
1058
1058
1058
1058
1066
1066
1066
1066
1066
1066
1066
1066
1066
1066
1066
1066
1066
1066
1066
1069
1069
1069
1069
1069
1069
1071
1071
1071
1071
1071
1071
1071
1071
1071
1071
1071
1071
1071
1071
1071
1071
1071
1074
1074
1074
1074
1074
1074
1074
1074
1076
1076
1077
1077
1077
1077
1077
1077
1077
1077
1077
1077
1077
1077
1077
1077
1077
1077
1077
1077
1077
1077
1078
1078
1078
1078
1078
1078
1078
1079
1079
1079
1079
1079
1079
1079
1079
1079
1079
1079
1080
1080
1081
1081
1081
1081
1081
1081
1081
1082
1082
1082
1082
1082
1082
1082
1082
1082
1082
1082
1083
1083
1083
1083
1083
1083
1083
1083
1083
1083
1083
1085
1085
1085
1085
1085
1085
1085
1085
1085
1085
1085
1085
1086
1086
1086
1086
1086
1086
1091
1091
1091
1091
1091
1091
1091
1091
1091
1091
1095
1095
1095
1095
1095
1096
1096
1096
1096
1096
1096
1096
1096
1097
1097
1097
1097
1097
1097
1097
1098
1098
1098
1098
1098
1098
1098
1098
1098
1109
1109
1109
1109
1109
1109
1109
1109
1109
1109
1109
1109
1109
1109
1109
1109
1110
1110
1110
1110
1111
1111
1111
1111
1115
1115
1115
1115
1115
1115
1115
1115
1115
1117
1117
1117
1117
1117
1117
1117
1117
1117
1117
1117
1119
1119
1119
1119
1119
1119
1119
1119
1119
1119
1119
1119
1119
1119
1119
1119
1120
1120
1120
1120
1120
1120
1120
1120
1120
1121
1121
1121
1121
1121
1121
1121
1121
1121
1121
1121
1121
1121
1121
1121
1121
1121
1121
1121
1121
1121
1121
1123
1123
1123
1123
1123
1123
1123
1123
1123
1123
1123
1123
1123
1123
1123
1127
1127
1127
1127
1127
1127
1127
1127
1127
1127
1127
1127
1127
1127
1127
1127
1127
1127
1128
1128
1128
1128
1128
1128
1128
1128
1128
1129
1129
1129
1129
1129
1129
1129
1129
1129
1129
1129
1129
1129
1129
1129
1129
1129
1131
1131
1131
1131
1131
1133
1133
1133
1133
1133
1133
1133
1134
1134
1134
1134
1134
1134
1134
1134
1136
1136
1136
1136
1136
1136
1136
1136
1136
1136
1136
1137
1137
1137
1138
1138
1138
1138
1138
1138
1138
1138
1138
1138
1138
1138
1138
1138
1138
1138
1138
1138
1138
1138
1138
1138
1138
1138
1138
1139
1139
1139
1139
1139
1139
1139
1139
1139
1139
1139
1139
1139
1139
1141
1141
1141
1141
1143
1143
1143
1143
1143
1143
1144
1144
1144
1144
1146
1146
1146
1146
1146
1146
1146
1146
1146
1146
1146
1146
1146
1146
1146
1146
1146
1146
1146
1146
1146
1146
1146
1146
1146
1146
1146
1146
1146
1146
1148
1148
1148
1148
1148
1148
1155
1155
1155
1155
1155
1155
1155
1155
1155
1155
1159
1159
1159
1159
1159
1159
1159
1159
1162
1162
1162
1162
1162
1162
1162
1162
1162
1162
1162
1162
1162
1162
1162
1162
1162
1162
1163
1163
1165
1165
1165
1165
1165
1165
1165
1165
1165
1165
1165
1165
1165
1165
1165
1165
1165
1165
1166
1166
1166
1166
1166
1166
1166
1166
1166
1166
1166
1166
1166
1166
1180
1180
1180
1180
1180
1180
1180
1180
1180
1180
1180
1180
1183
1183
1183
1187
1187
1187
1190
1190
1190
1190
1190
1190
1190
1190
1190
1190
1196
1196
1196
1196
1196
1197
1197
1197
1197
1197
1197
1197
1197
1197
1197
1197
1197
1197
1197
1197
1197
1197
1197
1198
1198
1198
1198
1198
1198
1198
1198
1198
1198
1198
1199
1199
1199
1199
1199
1199
1199
1203
1203
1203
1203
1204
1204
1204
1204
1204
1204
1204
1205
1205
1205
1205
1205
1205
1205
1205
1205
1205
1205
1209
1209
1209
1209
1209
1210
1210
1210
1210
1210
1210
1210
1210
1210
1210
1210
1210
1210
1210
1210
1210
1214
1214
1214
1214
1214
1214
1214
1214
1214
1214
1214
1217
1217
1217
1217
1219
1219
1219
1219
1219
1219
1219
1223
1223
1223
1223
1223
1223
1223
1224
1224
1224
1224
1224
1224
1224
1224
1224
1224
1224
1224
1224
1224
1227
1227
1227
1232
1232
1232
1232
1232
1232
1235
1235
1235
1235
1235
1235
1235
1235
1237
1237
1237
1237
1237
1237
1237
1237
1237
1237
1237
1237
1237
1237
1237
1237
1237
1237
1237
1237
1244
1244
1244
1244
1244
1244
1244
1244
1244
1244
1244
1244
1244
1244
1244
1244
1246
1246
1246
1246
1246
1248
1248
1248
1248
1248
1248
1248
1248
1248
1248
1248
1248
1248
1248
1248
1248
1248
1248
1248
1248
1249
1249
1250
1250
1250
1250
1250
1250
1250
1250
1250
1250
1252
1252
1252
1252
1254
1254
1254
1254
1254
1254
1255
1255
1255
1255
1255
1255
1255
1255
1255
1255
1255
1258
1258
1258
1258
1258
1258
1258
1258
1258
1258
1258
1258
1258
1258
1258
1258
1258
1258
1258
1258
1258
1258
1258
1258
1258
1258
1259
1259
1259
1259
1260
1260
1260
1260
1260
1260
1260
1260
1260
1260
1261
1261
1261
1261
1261
1261
1261
1262
1262
1262
1262
1262
1262
1262
1262
1262
1262
1262
1262
1262
1266
1266
1266
1266
1269
1269
1269
1269
1269
1269
1269
1269
1269
1269
1271
1271
1272
1272
1272
1272
1274
1274
1274
1274
1274
1275
1275
1275
1277
1277
1277
1277
1277
1277
1277
1277
1277
1277
1277
1277
1277
1277
1277
1277
1277
1277
1277
1279
1279
1279
1281
1281
1281
1281
1281
1281
1281
1281
1281
1281
1281
1281
1281
1281
1281
1281
1282
1282
1282
1282
1282
1282
1282
1282
1282
1282
1282
1282
1282
1283
1283
1283
1283
1283
1283
1283
1283
1283
1283
1283
1283
1283
1283
1286
1286
1286
1286
1286
1286
1286
1286
1286
1286
1286
1286
1287
1287
1287
1287
1287
1287
1287
1287
1287
1287
1287
1287
1287
1287
1287
1287
1288
1288
1288
1288
1288
1288
1288
1291
1291
1291
1291
1291
1291
1291
1291
1291
1291
1291
1291
1295
1295
1295
1295
1295
1295
1295
1295
1295
1296
1296
1296
1296
1296
1296
1296
1296
1296
1296
1296
1296
1296
1297
1297
1297
1297
1297
1297
1297
1297
1297
1297
1300
1300
1300
1300
1300
1300
1300
1300
1300
1300
1300
1300
1300
1300
1300
1300
1302
1302
1302
1302
1302
1302
1302
1303
1303
1303
1303
1303
1303
1306
1306
1306
1306
1306
1306
1306
1306
1306
1307
1307
1307
1307
1307
1307
1307
1307
1307
1307
1307
1307
1307
1307
1307
1307
1307
1307
1307
1307
1307
1307
1307
1307
1307
1307
1307
1307
1307
1309
1309
1309
1309
1309
1310
1310
1310
1310
1310
1310
1310
1310
1310
1310
1310
1310
1311
1311
1311
1311
1311
1311
1311
1314
1314
1314
1314
1314
1314
1314
1314
1314
1314
1314
1314
1314
1314
1314
1314
1314
1314
1317
1317
1317
1317
1317
1317
1318
1318
1318
1318
1318
1318
1318
1318
1318
1318
1318
1318
1318
1318
1318
1321
1321
1321
1321
1321
1321
1321
1321
1321
1323
1323
1323
1323
1323
1323
1323
1323
1323
1323
1323
1323
1323
1323
1323
1323
1323
1323
1323
1323
1323
1323
1323
1323
1323
1323
1323
1323
1323
1323
1324
1324
1324
1324
1326
1326
1326
1326
1326
1336
1336
1336
1336
1336
1336
1336
1336
1336
1336
1336
1336
1336
1336
1338
1338
1338
1338
1338
1338
1338
1338
1338
1338
1338
1338
1338
1338
1338
1338
1338
1338
1338
1338
1339
1339
1341
1341
1341
1341
1341
1341
1341
1341
1341
1341
1341
1341
1341
1341
1341
1341
1341
1341
1341
1341
1341
1341
1341
1343
1343
1343
1343
1343
1343
1344
1344
1344
1344
1344
1344
1353
1353
1353
1353
1353
1353
1353
1353
1353
1353
1353
1353
1353
1353
1353
1353
1353
1353
1353
1353
1353
1353
1353
1353
1355
1355
1355
1355
1355
1355
1355
1355
1355
1355
1355
1355
1355
1357
1357
1357
1357
1357
1357
1357
1358
1358
1358
1358
1358
1358
1359
1359
1359
1359
1359
1359
1359
1359
1359
1359
1359
1359
1359
1359
1359
1359
1359
1359
1359
1359
1359
1363
1363
1363
1363
1363
1363
1363
1363
1363
1363
1363
1363
1363
1363
1364
1364
1364
1364
1364
1364
1364
1364
1368
1368
1370
1370
1370
1370
1370
1370
1370
1370
1370
1370
1370
1370
1370
1370
1370
1370
1370
1370
1370
1370
1370
1370
1370
1370
1370
1370
1370
1371
1371
1371
1371
1371
1371
1371
1371
1372
1372
1372
1372
1372
1372
1373
1373
1373
1373
1373
1373
1373
1373
1373
1373
1375
1375
1375
1375
1375
1375
1375
1375
1375
1375
1375
1377
1377
1377
1377
1378
1378
1378
1378
1378
1378
1378
1378
1378
1378
1378
1378
1378
1378
1378
1379
1379
1379
1379
1379
1379
1379
1383
1383
1390
1390
1390
1390
1390
1391
1391
1391
1391
1391
1391
1391
1391
1391
1391
1391
1391
1391
1391
1391
1391
1391
1391
1391
1391
1391
1391
1391
1391
1391
1391
1391
1392
1392
1394
1394
1394
1394
1396
1396
1396
1396
1396
1396
1396
1396
1396
1396
1396
1396
1396
1396
1396
1396
1396
1396
1396
1396
1398
1398
1398
1398
1398
1399
1399
1399
1399
1399
1399
1399
1399
1399
1399
1399
1399
1399
1401
1401
1401
1401
1401
1401
1401
1401
1401
1401
1401
1401
1401
1401
1401
1401
1401
1401
1403
1403
1403
1403
1403
1403
1403
1403
1405
1405
1407
1407
1407
1407
1407
1407
1409
1409
1409
1409
1409
1409
1409
1409
1409
1409
1409
1409
1409
1411
1411
1411
1411
1411
1411
1411
1411
1411
1411
1411
1411
1413
1414
1414
1414
1414
1418
1418
1418
1418
1418
1418
1418
1418
1418
1418
1419
1419
1419
1419
1420
1420
1420
1420
1420
1420
1420
1420
1420
1420
1420
1420
1420
1420
1420
1420
1420
1422
1422
1422
1422
1424
1424
1425
1425
1425
1425
1425
1425
1425
1425
1426
1426
1426
1426
1426
1426
1426
1427
1427
1427
1427
1427
1427
1427
1427
1427
1427
1427
1427
1427
1429
1429
1429
1429
1429
1429
1429
1431
1431
1431
1431
1431
1431
1431
1431
1431
1431
1433
1433
1433
1433
1433
1433
1433
1433
1433
1436
1436
1436
1436
1436
1436
1436
1436
1436
1436
1436
1436
1436
1437
1437
1437
1437
1437
1438
1438
1438
1438
1438
1438
1438
1438
1438
1438
1438
1438
1438
1440
1440
1440
1440
1440
1440
1440
1440
1440
1440
1440
1440
1440
1440
1440
1440
1440
1440
1440
1440
1440
1440
1440
1440
1440
1440
1440
1440
1445
1445
1445
1445
1445
1445
1445
1445
1445
1445
1445
1445
1445
1445
1445
1445
1445
1445
1446
1447
1447
1447
1447
1447
1447
1447
1447
1447
1447
1447
1447
1447
1447
1447
1447
1447
1447
1447
1447
1447
1447
1447
1448
1448
1448
1448
1448
1448
1448
1448
1448
1449
1449
1449
1449
1449
1449
1449
1449
1449
1451
1451
1451
1451
1451
1452
1452
1459
1459
1459
1459
1459
1459
1459
1459
1459
1460
1460
1460
1460
1460
1460
1460
1460
1460
1460
1460
1460
1461
1461
1461
1461
1461
1462
1462
1462
1462
1462
1462
1464
1464
1464
1464
1464
1464
1465
1465
1465
1465
1465
1465
1465
1465
1465
1466
1466
1466
1466
1466
1466
1466
1466
1466
1466
1466
1466
1466
1466
1467
1467
1467
1467
1467
1467
1467
1467
1467
1467
1467
1468
1468
1469
1469
1469
1469
1469
1469
1469
1469
1469
1469
1470
1470
1470
1470
1470
1470
1470
1470
1470
1470
1470
1470
1470
1470
1470
1470
1470
1470
1471
1471
1471
1471
1471
1471
1471
1472
1472
1472
1472
1472
1472
1472
1472
1472
1472
1475
1475
1475
1475
1475
1475
1475
1475
1475
1478
1478
1478
1478
1479
1479
1479
1479
1479
1479
1479
1479
1479
1482
1482
1482
1482
1482
1482
1482
1482
1483
1483
1483
1483
1483
1484
1484
1484
1484
1484
1484
1484
1484
1484
1484
1487
1487
1487
1487
1487
1487
1487
1487
1487
1487
1487
1487
1488
1488
1488
1488
1488
1488
1488
1488
1488
1488
1488
1488
1488
1490
1490
1490
1490
1490
1490
1490
1490
1490
1490
1490
1490
1490
1490
1490
1490
1490
1492
1492
1492
1493
1493
1493
1493
1493
1493
1493
1493
1493
1494
1494
1494
1494
1494
1494
1494
1494
1494
1494
1494
1494
1494
1495
1495
1495
1495
1495
1498
1498
1498
1498
1498
1498
1503
1503
1503
1503
1503
1503
1504
1504
1504
1504
1504
1504
1504
1504
1504
1504
1504
1505
1505
1505
1505
1505
1505
1505
1506
1506
1506
1506
1506
1506
1506
1506
1506
1506
1506
1506
1507
1507
1507
1507
1507
1507
1507
1507
1507
1507
1507
1507
1507
1507
1507
1507
1507
1507
1507
1507
1507
1507
1507
1508
1508
1508
1509
1509
1509
1509
1509
1512
1512
1512
1512
1512
1512
1512
1512
1512
1518
1518
1518
1518
1518
1518
1518
1518
1518
1518
1518
1518
1518
1523
1523
1523
1523
1523
1523
1523
1523
1523
1523
1524
1524
1524
1524
1524
1524
1524
1524
1525
1525
1525
1525
1525
1525
1526
1526
1526
1526
1527
1527
1527
1527
1530
1530
1530
1530
1530
1530
1531
1531
1531
1531
1531
1531
1531
1531
1531
1531
1531
1531
1531
1531
1532
1532
1532
1532
1532
1532
1532
1532
1532
1532
1532
1532
1532
1533
1533
1533
1533
1533
1533
1533
1533
1534
1534
1534
1534
1537
1537
1537
1539
1539
1539
1539
1540
1540
1540
1540
1540
1540
1540
1540
1540
1540
1542
1542
1542
1542
1542
1543
1543
1544
1544
1544
1544
1544
1549
1549
1549
1549
1549
1550
1550
1550
1550
1550
1550
1550
1550
1550
1550
1550
1550
1550
1554
1554
1554
1554
1554
1559
1559
1559
1559
1559
1559
1559
1559
1559
1559
1559
1559
1559
1559
1559
1559
1559
1559
1559
1559
1559
1559
1559
1559
1560
1560
1560
1560
1560
1560
1560
1560
1561
1561
1561
1561
1561
1561
1561
1561
1562
1562
1562
1562
1562
1562
1562
1562
1562
1562
1562
1562
1562
1562
1563
1563
1563
1563
1563
1563
1563
1563
1563
1563
1563
1563
1563
1563
1563
1564
1564
1564
1564
1564
1564
1564
1564
1564
1564
1564
1564
1564
1564
1564
1565
1565
1565
1565
1565
1565
1565
1565
1565
1565
1565
1565
1565
1565
1565
1565
1565
1568
1568
1569
1569
1569
1569
1569
1569
1571
1571
1571
1571
1571
1571
1571
1571
1571
1571
1571
1571
1572
1572
1572
1572
1572
1572
1572
1572
1572
1572
1572
1572
1572
1572
1572
1572
1572
1572
1572
1572
1575
1575
1575
1575
1575
1575
1575
1575
1575
1575
1575
1575
1575
1575
1575
1576
1576
1576
1576
1576
1576
1576
1576
1576
1576
1576
1576
1576
1576
1576
1577
1577
1577
1577
1577
1577
1580
1580
1580
1580
1580
1580
1580
1580
1580
1580
1581
1581
1581
1581
1581
1582
1582
1582
1582
1582
1582
1582
1582
1582
1582
1582
1582
1582
1582
1582
1582
1582
1582
1582
1582
1582
1582
1582
1582
1582
1582
1582
1582
1582
1582
1584
1584
1584
1584
1584
1584
1584
1584
1584
1584
1584
1584
1584
1584
1584
1584
1584
1584
1584
1584
1584
1584
1584
1584
1588
1588
1588
1588
1588
1588
1588
1588
1588
1588
1588
1588
1588
1588
1588
1589
1589
1589
1589
1589
1589
1589
1589
1589
1593
1595
1595
1595
1595
1595
1595
1595
1596
1596
1596
1596
1596
1596
1596
1596
1596
1596
1596
1596
1596
1596
1596
1596
1597
1597
1597
1599
1599
1599
1599
1599
1599
1599
1599
1599
1599
1599
1599
1599
1599
1599
1599
1599
1599
1600
1600
1600
1600
1600
1600
1600
1600
1600
1600
1600
1600
1602
1602
1602
1602
1602
1602
1602
1602
1602
1602
1604
1604
1604
1604
1604
1604
1604
1604
1604
1604
1604
1605
1605
1605
1605
1605
1605
1605
1606
1606
1608
1608
1608
1608
1608
1608
1608
1608
1608
1608
1608
1608
1608
1613
1613
1613
1613
1613
1613
1613
1613
1613
1613
1613
1613
1613
1616
1616
1616
1616
1616
1616
1616
1616
1616
1616
1616
1616
1616
1617
1617
1620
1620
1620
1620
1620
1620
1620
1620
1620
1620
1623
1623
1623
1623
1623
1623
1623
1623
1623
1625
1625
1625
1625
1625
1625
1625
1625
1625
1625
1630
1630
1630
1630
1630
1630
1630
1630
1630
1630
1630
1630
1630
1630
1630
1630
1633
1633
1633
1633
1633
1635
1635
1635
1635
1635
1635
1635
1635
1636
1636
1636
1636
1636
1636
1636
1636
1642
1642
1642
1642
1642
1642
1642
1642
1642
1642
1643
1643
1643
1648
1648
1648
1648
1648
1648
1648
1650
1650
1650
1650
1650
1650
1651
1651
1651
1653
1653
1653
1658
1658
1658
1658
1658
1658
1658
1658
1658
1658
1658
1658
1658
1658
1658
1660
1660
1660
1660
1660
1660
1660
1660
1661
1661
1661
1661
1661
1661
1661
1661
1661
1661
1661
1661
1670
1670
1670
1670
1670
1670
1672
1672
1672
1672
1672
1672
1675
1675
1675
1676
1676
1676
1676
1676
1676
1676
1676
1676
1676
1676
1676
1677
1677
1680
1680
1680
1680
1680
1681
1681
1682
1682
1682
1682
1682
1682
1682
1682
1682
1682
1682
1682
1682
1682
1684
1684
1684
1684
1685
1685
1685
1685
1685
1685
1685
1685
1685
1685
1685
1694
1694
1694
1694
1694
1694
1694
1694
1696
1696
1696
1696
1697
1697
1697
1697
1697
1697
1697
1697
1697
1698
1698
1698
1698
1698
1698
1698
1698
1698
1698
1698
1698
1698
1698
1698
1698
1698
1698
1698
1698
1698
1699
1699
1699
1699
1699
1699
1699
1702
1702
1702
1702
1702
1702
1702
1702
1702
1702
1702
1702
1702
1703
1703
1703
1703
1703
1703
1703
1703
1704
1704
1704
1704
1704
1704
1704
1704
1704
1704
1704
1705
1705
1705
1705
1705
1710
1710
1710
1711
1711
1711
1711
1711
1711
1711
1711
1711
1711
1711
1711
1711
1711
1713
1713
1713
1714
1714
1714
1714
1714
1714
1714
1714
1714
1714
1714
1714
1714
1714
1714
1714
1714
1714
1714
1714
1714
1714
1714
1716
1716
1716
1716
1716
1716
1716
1716
1716
1716
1716
1716
1716
1716
1716
1716
1716
1716
1716
1717
1717
1717
1717
1717
1717
1717
1717
1717
1717
1717
1717
1717
1718
1718
1718
1718
1718
1718
1718
1718
1718
1718
1718
1718
1718
1718
1718
1718
1718
1720
1720
1720
1725
1725
1725
1725
1725
1725
1725
1725
1726
1726
1726
1726
1726
1726
1726
1726
1726
1726
1726
1726
1726
1726
1726
1726
1726
1726
1726
1726
1726
1728
1728
1728
1728
1728
1734
1734
1734
1734
1734
1734
1734
1737
1737
1737
1737
1741
1741
1741
1741
1742
1742
1742
1742
1742
1746
1746
1746
1746
1746
1746
1746
1746
1746
1746
1746
1746
1746
1746
1746
1749
1749
1749
1749
1749
1749
1749
1749
1749
1749
1749
1750
1750
1753
1753
1753
1753
1753
1753
1754
1754
1754
1759
1759
1763
1763
1763
1763
1763
1769
1769
1769
1769
1769
1769
1769
1769
1769
1769
1769
1769
1769
1769
1769
1769
1770
1770
1770
1770
1770
1770
1770
1770
1770
1770
1770
1770
1771
1771
1771
1771
1771
1771
1771
1771
1771
1771
1771
1771
1771
1771
1771
1771
1771
1771
1771
1771
1771
1771
1771
1771
1772
1772
1772
1772
1772
1772
1773
1773
1773
1773
1773
1773
1773
1773
1773
1773
1773
1773
1773
1773
1773
1773
1773
1773
1778
1778
1778
1778
1778
1778
1778
1778
1779
1779
1779
1779
1779
1779
1779
1779
1779
1779
1779
1779
1779
1779
1780
1780
1780
1780
1780
1780
1780
1780
1780
1780
1780
1785
1785
1785
1785
1785
1785
1785
1785
1785
1785
1785
1785
1785
1785
1785
1785
1785
1785
1785
1787
1788
1788
1788
1788
1788
1788
1788
1788
1791
1791
1791
1791
1791
1791
1791
1791
1791
1791
1791
1791
1791
1791
1791
1791
1792
1792
1792
1792
1792
1792
1792
1792
1792
1792
1795
1795
1795
1795
1795
1795
1795
1795
1795
1795
1804
1804
1804
1815
1815
1815
1815
1815
1815
1815
1815
1815
1815
1815
1815
1815
1815
1815
1815
1816
1816
1823
1823
1823
1823
1823
1825
1825
1825
1825
1825
1825
1825
1825
1825
1825
1825
1825
1825
1825
1825
1826
1826
1826
1826
1826
1826
1826
1826
1826
1826
1826
1826
1828
1828
1828
1828
1828
1828
1828
1828
1829
1829
1829
1836
1836
1836
1839
1839
1839
1839
1839
1839
1844
1844
1844
1844
1844
1844
1844
1845
1845
1845
1845
1845
1845
1845
1845
1845
1845
1845
1845
1845
1847
1851
1851
1851
1851
1851
1851
1858
1858
1858
1858
1858
1858
1858
1866
1866
1866
1866
1866
1866
1866
1866
1866
1866
1866
1866
1866
1866
1866
1866
1866
1866
1866
1866
1867
1867
1867
1867
1867
1867
1867
1868
1868
1868
1868
1868
1868
1868
1868
1868
1875
1875
1875
1875
1875
1875
1875
1875
1875
1878
1878
1878
1878
1878
1878
1878
1878
1878
1878
1880
1880
1880
1880
1880
1880
1880
1880
1880
1883
1883
1883
1883
1883
1883
1883
1883
1883
1883
1883
1883
1885
1885
1885
1885
1885
1887
1887
1887
1890
1890
1890
1890
1890
1890
1890
1890
1890
1890
1890
1890
1890
1890
1890
1890
1890
1891
1891
1891
1891
1891
1891
1891
1891
1891
1891
1891
1897
1897
1897
1897
1897
1897
1897
1897
1897
1897
1897
1897
1897
1901
1901
1901
1901
1913
1913
1913
1913
1913
1913
1915
1915
1915
1915
1915
1920
1920
1920
1920
1920
1920
1920
1920
1920
1920
1920
1920
1921
1921
1921
1922
1922
1922
1922
1922
1922
1926
1926
1927
1927
1927
1927
1928
1928
1928
1928
1928
1928
1928
1928
1928
1928
1928
1928
1928
1930
1930
1930
1930
1930
1930
1930
1930
1930
1930
1930
1930
1930
1930
1930
1931
1931
1931
1931
1931
1931
1931
1931
1940
1940
1940
1940
1940
1940
1943
1943
1951
1951
1951
1951
1951
1951
1951
1951
1951
1951
1951
1951
1951
1951
1951
1951
1951
1951
1953
1953
1953
1953
1953
1953
1953
1953
1955
1955
1965
1965
1965
1965
1965
1965
1965
1965
1965
1965
1965
1965
1965
1965
1965
1965
1965
1967
1967
1967
1967
1967
1967
1971
1971
1971
1971
1971
1972
1972
1972
1974
1974
1974
1974
1974
1974
1974
1974
1974
1974
1974
1974
1974
1978
1978
1978
1978
1978
1978
1978
1978
1980
1980
1980
1980
1980
1981
1981
1981
1981
1981
1981
1981
1982
1982
1982
1982
1989
1989
1989
1989
1990
1990
1990
1990
1990
1990
1990
1990
1990
1990
1990
1990
1990
1990
1990
1990
1992
1992
1992
1992
1997
1997
1997
1997
1997
1997
1997
1998
1998
1998
1998
2006
2006
2006
2006
2009
2009
2009
2009
2009
2009
2009
2009
2009
2009
2009
2009
2009
2009
2009
2009
2009
2009
2009
2009
2009
2009
2009
2009
2009
2009
2016
2016
2016
2016
2016
2017
2017
2017
2017
2017
2017
2017
2017
2017
2017
2017
2017
2017
2017
2017
2017
2017
2020
2020
2020
2020
2020
2020
2023
2023
2023
2023
2023
2023
2024
2024
2024
2024
2024
2024
2024
2024
2026
2026
2026
2026
2026
2026
2026
2026
2026
2026
2026
2026
2026
2026
2026
2026
2026
2026
2026
2026
2029
2029
2029
2029
2029
2029
2029
2029
2029
2029
2033
2033
2033
2033
2033
2033
2033
2033
2033
2033
2033
2033
2033
2033
2033
2035
2035
2039
2039
2039
2039
2039
2039
2039
2039
2039
2039
2039
2039
2040
2040
2040
2040
2040
2040
2040
2040
2040
2040
2040
2040
2040
2040
2040
2040
2040
2040
2040
2040
2040
2045
2045
2046
2046
2051
2051
2051
2051
2053
2053
2053
2053
2053
2053
2053
2053
2053
2053
2053
2053
2053
2053
2053
2053
2053
2057
2057
2057
2057
2057
2057
2058
2058
2058
2061
2061
2061
2061
2061
2061
2061
2061
2061
2061
2061
2061
2061
2061
2061
2061
2061
2061
2065
2065
2069
2069
2069
2069
2069
2069
2069
2069
2069
2069
2069
2069
2069
2069
2069
2069
2070
2070
2070
2070
2070
2070
2070
2070
2070
2070
2070
2070
2070
2070
2070
2071
2071
2071
2080
2080
2080
2080
2080
2080
2080
2080
2081
2081
2081
2081
2086
2086
2086
2086
2086
2086
2086
2086
2086
2086
2086
2086
2086
2086
2086
2086
2086
2086
2088
2088
2088
2088
2088
2088
2088
2088
2088
2088
2088
2088
2088
2088
2088
2088
2088
2088
2088
2091
2091
2091
2091
2091
2091
2094
2094
2094
2094
2094
2094
2094
2094
2095
2095
2095
2100
2100
2100
2100
2100
2100
2100
2100
2103
2103
2103
2103
2103
2103
2103
2103
2103
2103
2103
2107
2107
2107
2107
2107
2107
2110
2110
2110
2110
2110
2110
2110
2110
2110
2110
2110
2112
2112
2112
2112
2112
2112
2112
2112
2112
2112
2112
2115
2115
2115
2115
2115
2115
2115
2115
2115
2115
2115
2115
2116
2116
2116
2116
2116
2116
2116
2116
2116
2116
